H
V
H(268,329)
H(258,533)
H(258,533)
93(258,533)
11(258,533)
H(258,533)
H(258,533)
V(258,533)
34(265,533)
10(267,517)
H(258,533)
V(258,533)
32(270,533)
H(270,528)
30(270,544)
41(270,547)
H(258,533)
V(258,533)
50(270,533)
58(264,524)
31(258,533)
H(258,533)
86(258,533)
V(258,533)
44(269,532)
H(272,533)
76(272,546)
64(265,549)
V(268,350)
43(275,350)
63(276,343)
V(391,452)
H(391,452)
38(391,464)
H(387,490)
27(387,490)
53(387,490)
V(391,452)
H(391,452)
V(385,468)
19(400,466)
62(397,468)
H(391,489)
V(391,489)
V(403,483)
60(403,483)
72(403,483)
46(400,489)
65(391,489)
V(391,452)
V(391,452)
H(391,452)
V(368,481)
V(391,466)
100(391,466)
H(391,466)
88(391,480)
17(388,481)
96(379,481)
90(391,470)
V(391,452)
H(391,452)
55(381,475)
68(391,468)
83(391,452)
V(391,452)
H(391,452)
26(391,465)
H(374,541)
V(374,541)
H(394,482)
V(388,500)
V(403,492)
77(403,492)
39(403,492)
8(393,500)
H(394,536)
91(394,536)
H(394,536)
28(394,536)
14(394,536)
35(379,541)
75(374,541)
H(391,452)
V(391,469)
80(404,456)
54(394,469)
22(390,475)
V
V(277,452)
V(277,452)
V(277,452)
56(277,452)
H(277,452)
H(277,481)
33(277,481)
48(277,481)
V(255,475)
V(272,474)
79(272,474)
21(272,474)
49(273,475)
H(277,452)
H(277,483)
84(277,483)
52(277,483)
V(271,492)
40(282,492)
H(279,470)
82(279,495)
98(279,485)
V(277,452)
42(277,452)
V(277,452)
13(277,452)
69(277,452)
H(312,296)
V(208,455)
V(325,397)
V(325,397)
H(325,397)
V(312,441)
29(324,441)
H(326,427)
12(321,455)
51(326,443)
95(325,415)
V(325,397)
V(325,397)
V(325,397)
H(325,397)
H(325,435)
92(325,435)
81(325,435)
71(321,422)
H(325,397)
5(325,410)
59(323,407)
2(325,397)
78(325,397)
V(325,397)
H(325,397)
H(316,441)
15(316,441)
94(316,441)
67(325,407)
H(325,397)
V(319,506)
H(338,418)
V(331,478)
H(343,446)
H(343,481)
1(343,481)
16(343,481)
37(343,471)
H(338,478)
3(336,498)
23(338,486)
H(338,467)
89(338,467)
87(338,467)
V(337,506)
36(337,506)
H(337,506)
18(330,521)
57(337,512)
H(325,447)
V(325,447)
74(337,446)
V(344,447)
H(344,447)
85(344,455)
9(343,466)
6(344,447)
24(325,447)
H(230,455)
V(230,484)
4(244,484)
97(238,480)
H(230,527)
47(230,527)
H(230,527)
45(230,527)
V(230,527)
25(243,515)
70(239,527)
H(312,364)
V(312,364)
H(335,355)
61(335,369)
V(322,386)
99(337,386)
20(330,378)
V(324,364)
73(324,364)
66(324,364)
7(312,364)
